%YAML:1.2
image_width: 1280
image_height: 960
camera_name: elp_right
camera_matrix:
  rows: 3
  cols: 3
  data: [845.138506, 0.000000, 681.818118, 0.000000, 850.688806, 514.903831, 0.000000, 0.000000, 1.000000]
distortion_model: plumb_bob
distortion_coefficients:
  rows: 1
  cols: 5
  data: [-0.351051, 0.090652, 0.001280, 0.001383, 0.000000]
rectification_matrix:
  rows: 3
  cols: 3
  data: [0.998147, 0.005206, -0.060618, -0.005399, 0.999981, -0.003033, 0.060601, 0.003354, 0.998156]
projection_matrix:
  rows: 3
  cols: 4
  data: [734.818848, 0.000000, 838.858780, -44.535186, 0.000000, 734.818848, 535.726585, 0.000000, 0.000000, 0.000000, 1.000000, 0.000000]
