image_width: 1280
image_height: 960
camera_name: elp_left
camera_matrix:
  rows: 3
  cols: 3
  data: [833.465731, 0.000000, 677.083941, 0.000000, 839.885333, 528.685683, 0.000000, 0.000000, 1.000000]
distortion_model: plumb_bob
distortion_coefficients:
  rows: 1
  cols: 5
  data: [-0.388397, 0.129576, -0.002124, 0.005288, 0.000000]
rectification_matrix:
  rows: 3
  cols: 3
  data: [0.996832, 0.008396, -0.079090, -0.008143, 0.999961, 0.003520, 0.079117, -0.002865, 0.996861]
projection_matrix:
  rows: 3
  cols: 4
  data: [734.818848, 0.000000, 838.858780, 0.000000, 0.000000, 734.818848, 535.726585, 0.000000, 0.000000, 0.000000, 1.000000, 0.000000]
